# oST version 5.0 parameters


[image]

width
640

height
480

[narrow_stereo]

camera matrix
362.716508 0.000000 309.661030
0.000000 361.635301 246.460739
0.000000 0.000000 1.000000

distortion
-0.293034 0.061842 -0.001285 -0.002610 0.000000

rectification
1.000000 0.000000 0.000000
0.000000 1.000000 0.000000
0.000000 0.000000 1.000000

projection
250.663452 0.000000 295.939887 0.000000
0.000000 303.591858 247.679940 0.000000
0.000000 0.000000 1.000000 0.000000

