image_width: 640
image_height: 480
camera_name: narrow_stereo
camera_matrix:
  rows: 3
  cols: 3
  data: [362.716508, 0, 309.66103, 0, 361.635301, 246.460739, 0, 0, 1]
distortion_model: plumb_bob
distortion_coefficients:
  rows: 1
  cols: 5
  data: [-0.293034, 0.06184199999999999, -0.001285, -0.00261, 0]
rectification_matrix:
  rows: 3
  cols: 3
  data: [1, 0, 0, 0, 1, 0, 0, 0, 1]
projection_matrix:
  rows: 3
  cols: 4
  data: [250.663452, 0, 295.939887, 0, 0, 303.591858, 247.67994, 0, 0, 0, 1, 0]